Multiple size <= 100
TEST 1 ARG:9 62 2 6 3 91 68 0 72 92 46 90 61 77 79 30 97 47 38 81 32 95 76 40 44 24 8 49 70 1 74 39 45 65 29 87 67 55 54 58 48 16 82 17 99 88 80 53 22 36 64 94 71 66 28 43 33 4 98 11 60 18 23 84 34 56 57 69 42 12 83 73 10 15 25 14 35 89 96 31 13 51 50 63 37 21 75 7 20 93 52 27 5 78 86 85 26 41 19 59
TEST 2 ARG:47 95 97 36 82 5 58 39 44 4 64 91 19 69 35 61 14 85 94 96 25 18 38 83 9 51 24 98 16 7 88 10 26 42 41 29 48 8 52 27 63 6 40 73 92 43 2 60 81 17 15 54 70 13 37 78 30 84 77 28 66 71 34 87 53 90 59 93 86 68 56 79 11 3 75 50 62 57 12 76 99 45 23 33 67 55 46 89 1 20 72 74 0 22 21 32 80 49 65 31
TEST 3 ARG:37 78 54 11 31 81 58 22 10 53 5 86 8 21 56 97 47 0 87 69 94 17 59 80 49 75 41 82 20 72 9 95 79 43 30 63 12 96 25 89 29 83 76 70 46 93 28 19 65 6 99 52 40 90 13 92 74 7 15 45 85 77 61 24 32 67 91 42 64 73 71 38 60 34 48 50 88 18 36 55 4 33 27 1 98 26 39 62 23 14 35 3 51 84 44 68 66 2 57 16
TEST 4 ARG:83 34 67 77 38 49 18 7 47 51 50 13 84 19 48 60 99 85 71 22 81 61 78 89 44 87 63 6 36 29 65 88 96 73 93 43 32 27 35 11 75 4 2 24 42 74 23 5 66 25 1 70 92 79 15 3 57 59 90 10 55 94 16 20 68 21 40 95 97 39 41 86 0 54 8 82 56 12 17 58 9 14 80 53 72 76 31 37 46 69 52 62 98 26 28 45 91 30 64 33
TEST 5 ARG:97 60 36 3 42 2 19 88 90 45 13 50 37 74 10 75 20 61 57 69 28 21 65 76 0 5 62 98 93 22 68 59 32 70 49 73 64 34 53 31 33 6 1 7 15 41 51 96 77 11 8 82 63 55 86 79 26 56 80 72 16 46 54 29 4 30 83 94 99 25 58 78 91 48 40 24 84 12 27 52 81 35 38 92 9 17 14 66 87 43 89 67 39 71 95 47 44 85 18 23
TEST 7 ARG:0 16 50 52 82 9 98 13 99 8 78 74 17 58 6 37 41 3 23 64 20 54 76 35 33 29 21 92 73 69 15 40 59 27 93 43 63 19 45 77 71 87 57 47 12 96 42 22 5 25 79 44 86 68 18 91 26 81 90 51 61 62 80 34 38 56 31 24 70 97 60 7 75 53 2 10 1 28 46 94 65 14 84 4 83 89 85 72 55 48 88 30 32 66 67 95 36 11 49 39
TEST 8 ARG:30 3 90 62 37 8 96 42 69 52 61 12 33 44 79 27 75 54 78 72 80 0 28 85 89 92 45 2 58 73 19 99 71 25 77 34 74 94 7 18 4 10 83 86 88 1 31 9 67 51 15 98 55 82 36 6 11 91 49 14 21 17 53 23 87 38 60 95 50 16 65 66 46 59 70 32 20 68 47 64 63 13 35 40 84 24 97 81 29 56 5 43 76 22 57 26 48 93 41 39
TEST 9 ARG:77 50 97 2 35 60 38 16 48 20 71 24 76 53 84 69 17 64 18 79 8 10 66 40 62 39 86 51 75 26 25 55 30 45 49 46 33 12 9 57 91 67 89 99 63 94 70 23 65 21 98 81 90 85 27 4 74 3 83 80 0 52 7 58 34 68 61 29 13 95 19 43 96 5 31 92 36 1 73 87 37 6 54 41 32 28 59 47 82 93 72 22 78 14 42 44 88 15 56 11
TEST 10 ARG:47 68 10 92 16 15 29 24 55 50 96 28 79 44 26 41 78 34 51 52 4 39 42 37 32 46 2 84 31 81 22 77 82 48 13 7 62 60 45 25 38 80 58 40 30 35 53 36 93 11 70 98 63 54 71 5 27 12 72 57 75 69 8 74 3 76 90 21 64 86 49 85 65 89 61 33 14 83 56 87 88 66 18 94 1 59 23 73 6 19 9 91 97 17 99 67 20 0 95 43
TEST 11 ARG:64 74 66 16 33 11 75 17 47 57 87 69 80 59 21 88 18 95 82 85 48 99 56 2 41 68 90 13 73 15 98 62 42 79 5 76 30 93 96 24 92 14 63 97 12 89 1 25 72 4 29 28 20 35 70 22 40 39 36 94 86 91 78 7 19 23 44 0 43 3 32 10 83 46 26 6 84 53 34 65 58 60 49 37 77 50 31 55 61 71 52 51 9 67 54 38 27 45 81 8
TEST 13 ARG:56 35 61 5 37 24 49 45 65 86 58 26 63 28 12 47 31 23 20 57 10 36 78 74 84 22 77 54 64 82 66 92 91 0 98 70 4 72 18 51 13 41 29 19 99 1 17 90 96 43 42 9 88 14 69 48 30 97 75 3 67 40 46 7 11 62 80 52 32 93 53 33 59 87 50 85 38 6 55 60 21 16 83 95 68 39 25 94 2 34 15 8 89 73 79 27 71 76 44 81
TEST 18 ARG:46 64 0 62 88 90 70 18 85 45 1 73 3 19 97 13 75 52 24 48 43 53 92 38 57 83 12 10 26 94 96 5 77 9 80 67 49 95 50 55 56 42 99 35 86 72 78 6 17 7 79 87 15 2 58 65 29 36 71 23 91 30 37 40 28 60 31 68 8 51 21 82 84 81 44 25 66 54 27 4 14 34 41 33 32 47 20 74 76 11 22 93 63 16 69 98 39 89 59 61
TEST 19 ARG:26 23 38 14 55 18 86 51 46 52 35 92 66 88 69 36 22 44 73 82 34 60 79 54 84 87 76 67 30 45 63 32 49 0 61 37 39 10 9 43 99 98 48 24 56 96 20 57 53 75 50 71 47 27 8 31 78 83 80 25 7 17 90 28 15 91 21 74 2 77 95 85 4 29 89 72 40 68 3 97 58 41 33 42 70 81 11 19 5 16 12 1 62 59 13 65 94 64 93 6
TEST 20 ARG:8 77 29 85 94 40 33 1 90 36 18 75 54 5 99 69 9 79 50 42 74 58 31 23 55 30 65 67 3 43 34 80 45 13 59 97 21 93 20 53 26 17 66 70 6 4 48 89 7 41 68 72 81 11 44 25 83 95 15 38 51 78 37 96 16 19 12 62 73 46 86 71 39 98 82 2 10 87 24 91 88 61 84 22 57 0 92 56 47 35 32 64 63 14 27 76 28 49 60 52
TEST 22 ARG:18 53 31 63 10 27 79 85 34 91 55 30 39 36 43 61 9 77 26 97 60 0 12 72 50 20 70 96 90 99 75 35 64 93 19 22 54 66 1 57 46 48 6 32 89 13 67 80 56 82 44 3 95 58 65 38 17 59 49 24 2 11 23 78 68 41 7 94 88 29 42 71 15 47 16 40 76 87 52 84 25 8 51 33 5 62 37 45 98 4 69 74 83 92 81 14 28 73 21 86
TEST 27 ARG:94 58 77 32 82 4 97 38 54 83 13 45 91 3 36 41 88 96 92 67 28 99 11 48 62 84 65 33 43 12 86 98 22 31 19 53 35 10 39 26 80 0 7 64 24 75 20 50 74 46 2 18 79 47 16 95 40 90 23 63 34 68 9 17 61 14 5 42 59 71 73 6 55 56 89 27 72 8 25 30 49 51 81 29 44 37 60 87 70 21 66 57 1 76 85 93 52 78 15 69
TEST 28 ARG:2 8 78 61 20 14 80 79 31 92 58 70 24 59 30 21 0 1 25 38 12 90 48 51 39 36 7 89 65 41 33 94 87 57 47 45 86 17 66 4 69 72 43 37 11 53 5 60 49 3 95 77 84 29 56 67 26 34 19 54 88 62 6 22 83 16 85 97 50 55 63 15 46 40 28 35 44 91 82 71 75 27 10 76 32 74 98 96 99 64 52 81 23 13 18 68 93 9 42 73
TEST 29 ARG:30 35 38 75 51 36 29 33 85 24 31 73 71 93 18 40 55 27 99 11 96 28 17 37 47 62 78 0 7 23 76 69 42 10 66 20 54 13 16 43 57 22 92 4 15 34 86 1 63 21 72 70 95 2 98 77 26 45 87 91 48 46 5 67 3 12 89 80 79 25 14 82 68 59 90 52 9 60 94 19 32 49 64 97 61 39 74 65 81 83 8 50 56 88 41 84 6 44 58 53
TEST 32 ARG:87 57 36 33 52 63 45 9 74 49 94 59 88 26 7 78 64 97 46 12 55 39 76 82 85 21 28 10 98 83 73 16 75 47 1 35 2 54 42 15 41 90 18 67 38 92 91 4 60 43 29 80 17 6 84 11 13 56 86 58 65 99 22 71 20 40 95 61 70 51 68 50 23 19 3 96 93 44 77 8 37 5 34 72 79 69 48 53 31 27 30 0 89 32 62 24 25 81 66 14
TEST 33 ARG:22 9 38 82 36 71 95 11 92 45 41 69 86 5 19 27 76 91 64 44 37 57 96 46 62 28 26 89 20 70 61 13 79 33 10 42 16 18 53 74 66 97 67 98 24 32 77 6 93 50 83 0 14 58 88 35 56 94 3 54 40 43 52 99 73 4 34 17 90 63 15 25 30 87 78 60 80 75 85 39 12 51 23 55 59 1 72 65 68 49 48 81 47 29 84 7 21 31 8 2
TEST 35 ARG:78 4 65 19 59 87 25 28 96 76 50 29 57 77 18 24 51 64 72 1 16 91 74 30 6 99 54 89 2 56 39 20 44 31 55 80 21 53 62 61 26 41 66 15 84 23 90 43 0 14 13 98 48 67 5 63 73 86 97 47 58 37 17 93 75 52 88 10 38 46 40 36 32 83 27 81 60 11 95 79 68 9 71 7 3 8 69 22 42 33 12 70 82 45 49 34 94 85 35 92
TEST 40 ARG:28 14 30 55 74 81 51 3 36 54 9 65 48 42 69 60 90 21 89 35 49 77 33 97 45 38 18 12 85 47 84 43 96 56 46 31 57 8 86 13 5 62 66 79 58 23 37 27 15 52 75 92 34 72 4 17 24 16 44 88 80 7 76 20 11 71 53 67 95 99 94 50 83 10 22 68 41 59 2 61 73 39 0 63 25 87 78 70 64 26 93 19 98 82 6 40 29 91 1 32
TEST 43 ARG:40 70 19 68 55 43 24 66 47 98 11 87 17 97 94 39 23 22 96 7 29 65 21 13 50 9 32 45 12 58 77 49 35 61 62 53 25 84 3 54 91 37 2 88 56 67 26 89 80 73 34 90 42 27 60 15 82 57 79 31 93 36 72 6 30 1 18 46 52 59 20 71 78 81 76 63 48 85 0 74 8 28 99 86 38 51 44 92 10 64 4 14 16 69 5 83 95 33 75 41
TEST 48 ARG:27 56 46 81 36 73 66 69 35 67 6 95 87 23 3 17 26 52 64 33 8 80 75 0 94 40 25 72 14 57 4 78 58 15 61 18 37 1 77 29 39 2 12 62 84 68 22 41 16 13 47 82 42 74 51 38 24 88 92 43 91 48 10 98 9 85 50 83 54 70 59 31 7 34 96 53 63 32 86 97 79 71 20 11 19 89 5 49 30 90 76 65 28 55 93 45 21 60 44 99
TEST 51 ARG:72 41 59 92 27 81 32 70 15 39 76 47 61 65 71 30 18 50 44 79 73 1 24 82 34 28 51 55 46 60 67 66 89 85 53 87 93 6 52 88 54 36 13 20 40 95 21 90 78 26 86 31 69 5 8 17 14 12 35 74 9 7 57 62 49 96 2 75 11 63 10 84 91 37 16 29 98 22 0 23 77 3 68 48 99 80 42 97 4 56 83 38 94 58 64 19 25 33 43 45
TEST 52 ARG:93 5 40 83 88 43 57 80 59 9 61 31 33 54 68 21 18 42 76 47 48 38 73 2 4 72 69 79 25 34 51 32 87 27 36 49 97 66 85 55 15 10 46 6 22 58 12 92 98 60 71 19 74 0 17 78 82 89 56 26 53 16 65 7 45 84 14 99 41 52 1 50 67 86 75 91 23 63 24 64 11 13 70 94 96 35 30 95 44 20 77 28 90 3 39 62 37 8 29 81
TEST 55 ARG:22 90 84 39 46 1 59 42 15 93 95 2 64 6 81 98 7 16 12 19 13 49 69 17 61 50 54 38 83 30 10 8 35 58 85 60 4 57 73 32 70 18 68 96 31 48 27 28 87 91 5 66 33 52 72 97 51 78 56 0 71 24 86 79 29 99 47 75 53 26 76 62 44 82 23 89 63 92 80 34 37 20 40 43 67 45 14 65 25 3 36 9 21 55 41 11 74 88 94 77
TEST 56 ARG:84 31 43 34 37 41 0 52 88 98 58 74 7 82 4 45 30 47 62 99 61 65 72 70 27 17 97 42 26 63 40 92 13 2 89 83 86 12 46 20 69 53 19 87 5 57 76 35 91 23 60 96 33 1 16 90 50 38 11 56 81 10 48 21 49 22 3 71 6 85 73 39 55 75 68 14 51 66 36 32 77 29 18 94 24 28 95 8 67 9 78 54 44 15 25 93 80 59 64 79
TEST 58 ARG:14 74 35 67 8 39 2 78 76 63 88 26 54 79 50 12 80 61 10 53 94 48 44 89 21 5 56 60 83 62 73 41 93 99 66 42 71 38 19 31 45 85 37 25 52 95 97 81 4 69 91 92 77 1 47 18 55 51 65 34 46 13 30 82 68 86 90 16 0 57 33 29 98 3 59 96 87 23 24 9 75 49 27 70 64 20 32 7 43 22 6 28 17 11 40 84 58 72 36 15
TEST 59 ARG:60 25 71 35 23 57 84 98 8 18 11 86 92 72 31 94 67 9 47 69 54 89 2 44 42 59 95 90 85 27 1 0 3 39 50 66 82 40 14 99 20 34 81 16 56 45 49 65 5 29 13 78 52 15 41 93 48 63 73 26 10 76 62 32 21 97 61 55 38 24 83 87 80 51 91 68 12 64 96 70 22 36 37 33 17 79 58 30 75 43 7 74 53 88 28 46 4 77 6 19
TEST 60 ARG:90 87 27 37 93 61 8 20 12 15 21 26 83 58 77 40 19 48 84 75 0 81 71 88 4 24 78 76 35 95 41 14 38 28 96 73 98 82 60 55 66 31 9 34 67 80 16 39 47 11 94 72 70 51 17 59 43 45 69 5 92 23 44 13 30 86 50 91 79 10 57 62 52 68 74 3 29 25 99 6 46 53 42 33 18 65 32 49 36 2 1 89 54 22 7 97 64 56 85 63
TEST 62 ARG:94 73 43 84 11 6 39 74 31 30 0 75 55 93 13 41 81 23 99 98 59 58 18 57 95 88 71 51 40 22 96 21 37 53 35 12 7 14 33 80 89 52 90 65 50 76 72 69 26 8 66 68 20 5 38 32 17 19 54 3 67 92 45 70 86 56 83 10 28 49 48 61 42 62 34 87 85 25 63 60 16 44 15 29 79 36 46 64 2 91 82 24 77 78 9 4 27 97 1 47
TEST 67 ARG:86 1 70 89 26 43 51 40 46 90 24 18 78 62 13 92 49 53 29 47 82 4 15 35 95 91 63 96 33 67 48 81 52 69 36 66 64 68 75 16 28 7 8 38 41 30 54 0 21 59 97 83 31 79 80 58 94 65 3 2 57 56 44 42 9 72 71 14 85 27 77 25 23 50 39 93 22 12 37 34 88 19 20 60 98 84 61 5 99 55 74 6 87 17 10 76 11 73 45 32
TEST 68 ARG:48 72 15 95 50 78 60 74 83 4 13 97 66 89 84 31 99 3 34 23 7 56 98 94 76 18 54 49 37 40 69 80 0 43 12 30 44 11 87 71 5 27 59 17 65 77 16 26 61 47 70 19 57 36 2 22 10 14 45 63 52 39 20 90 51 42 91 92 86 24 81 33 41 58 9 88 85 67 93 73 79 28 53 68 21 1 55 82 62 38 64 8 6 35 25 46 75 29 32 96
TEST 72 ARG:49 78 66 36 96 88 37 57 17 80 39 22 0 41 90 46 51 27 85 54 82 56 34 89 5 10 93 62 28 13 77 38 4 48 83 44 9 42 95 47 3 50 98 69 12 35 32 74 25 72 61 23 65 53 19 6 18 11 84 91 26 33 24 1 97 14 87 73 94 70 40 30 92 29 67 64 7 52 59 58 8 71 86 15 76 75 60 31 21 2 20 45 99 16 81 68 43 55 79 63
TEST 73 ARG:44 10 7 66 17 81 85 91 67 76 33 71 95 41 50 49 16 48 5 57 94 78 6 83 42 74 25 8 4 21 31 70 84 22 72 56 34 24 59 37 18 26 93 65 77 99 54 38 23 27 36 92 89 39 73 96 15 0 32 62 60 82 11 2 58 51 90 98 75 29 52 19 3 68 69 43 63 64 45 30 55 47 53 14 9 79 88 40 46 87 12 1 13 80 86 28 61 35 20 97
TEST 75 ARG:71 59 20 85 38 33 48 82 13 65 64 96 68 32 12 39 34 51 10 61 28 73 88 55 58 56 42 91 9 54 37 17 8 30 77 11 43 57 89 53 80 74 95 21 63 2 7 18 26 6 24 47 66 62 23 79 44 5 75 76 16 78 83 25 29 67 27 40 0 41 97 90 98 22 52 4 81 49 45 36 72 50 70 84 1 93 60 19 87 94 86 31 92 99 35 3 69 46 14 15
TEST 76 ARG:36 30 74 59 72 67 68 52 47 71 31 22 40 65 76 23 13 25 0 95 50 93 53 85 10 63 98 34 78 57 43 97 37 28 54 84 6 24 1 45 99 77 15 66 46 92 16 96 14 18 88 9 64 79 61 41 51 21 48 69 73 91 86 11 35 75 55 89 49 38 2 33 26 44 3 94 4 5 12 29 60 82 87 81 58 8 70 17 20 19 32 39 90 7 42 27 62 80 56 83
TEST 78 ARG:91 20 5 17 56 59 8 30 61 48 87 83 34 62 35 64 57 66 69 74 12 32 43 19 80 92 1 7 89 68 0 25 14 60 31 46 78 73 58 21 67 84 26 52 47 76 71 27 50 6 37 13 38 79 42 4 28 75 15 24 18 98 40 2 53 77 36 16 23 44 49 33 82 22 10 96 72 70 97 29 81 99 51 95 88 45 11 9 55 54 94 39 90 85 3 65 86 93 41 63
TEST 80 ARG:97 80 52 21 39 41 11 48 32 42 19 38 62 79 40 69 82 26 75 63 61 35 85 72 74 83 25 23 6 50 86 57 7 20 64 54 60 31 30 17 46 94 73 58 90 67 56 4 92 84 49 18 8 33 5 13 10 3 66 78 93 1 59 88 99 24 29 2 34 76 36 89 70 81 91 68 71 12 55 16 95 47 45 37 0 44 65 15 51 27 43 53 77 96 28 98 9 14 22 87
TEST 81 ARG:30 95 99 64 72 65 31 27 93 81 3 18 16 70 94 7 90 48 41 51 83 46 86 68 53 2 8 19 98 14 39 79 36 47 50 43 15 58 71 75 45 5 54 56 0 22 69 52 35 4 55 77 42 76 73 60 44 49 34 87 11 1 6 33 97 59 91 21 84 74 13 63 40 80 96 25 92 12 78 9 17 10 62 29 28 61 26 66 23 37 82 24 32 67 20 88 85 38 57 89
TEST 83 ARG:48 46 73 8 41 64 68 13 39 24 86 49 26 81 6 93 69 47 91 16 58 90 55 33 17 87 9 95 61 2 56 34 19 59 7 74 11 10 14 29 44 27 45 84 89 82 35 92 0 67 51 50 83 36 1 5 32 25 63 57 85 40 38 18 37 70 75 94 78 72 96 3 42 98 88 62 43 60 15 54 80 28 76 20 97 52 65 21 71 31 66 30 22 77 79 99 12 23 4 53
TEST 85 ARG:39 68 46 56 59 6 48 4 77 9 23 2 36 54 93 66 72 51 38 15 76 60 82 30 70 65 14 8 25 20 31 17 13 26 40 34 11 69 81 64 73 50 21 78 0 42 90 61 53 45 67 99 10 16 41 86 22 37 29 5 55 28 58 71 84 52 92 85 89 32 94 83 98 33 7 80 88 35 75 62 57 18 24 49 43 3 63 47 96 12 91 95 27 19 44 1 87 74 79 97
TEST 86 ARG:10 35 85 37 81 13 23 68 12 5 54 34 86 65 38 14 55 50 79 33 97 30 61 44 58 63 75 36 26 43 56 4 52 19 94 6 39 80 82 25 3 1 74 77 92 64 57 48 42 95 60 41 16 20 17 70 15 83 78 27 31 21 49 93 73 69 67 0 88 84 28 7 89 22 66 62 76 24 47 53 8 45 32 71 59 91 2 90 40 51 87 29 9 46 72 96 11 98 18 99
TEST 87 ARG:16 88 64 47 73 66 91 57 97 85 32 28 26 7 33 14 4 53 41 93 59 8 81 87 42 11 78 55 68 79 75 49 17 84 48 89 15 37 43 10 9 86 76 6 21 99 22 58 56 29 1 96 25 80 94 13 61 2 30 12 20 77 39 65 44 83 23 19 50 67 24 98 18 36 95 74 27 40 62 54 3 60 45 46 31 63 35 92 0 71 52 5 72 34 82 70 69 51 90 38
TEST 91 ARG:59 88 80 34 13 21 92 76 99 12 36 73 95 42 91 63 17 81 46 29 27 40 45 32 84 75 37 90 74 94 57 38 24 31 77 1 20 22 89 44 6 54 66 5 98 68 28 2 15 83 33 69 67 56 55 19 9 72 64 47 82 65 52 93 50 7 51 16 62 79 23 48 4 39 30 53 43 3 87 86 35 11 14 96 71 70 49 78 97 18 10 26 61 41 60 85 8 58 25 0
TEST 92 ARG:20 57 65 38 82 90 27 60 89 31 56 96 74 87 15 43 62 66 77 71 54 18 68 86 17 8 85 6 39 93 72 1 26 92 55 80 94 37 53 48 98 95 30 35 76 84 28 41 46 81 5 3 11 59 97 14 61 99 44 78 25 91 83 13 32 12 16 24 22 29 52 33 67 34 4 50 47 40 63 45 64 19 58 51 70 7 21 79 2 0 36 9 73 88 49 69 42 10 75 23
TEST 93 ARG:14 5 58 91 23 45 13 95 36 47 18 57 73 46 65 78 35 82 32 43 30 26 10 71 33 8 69 62 63 3 53 22 61 6 84 24 83 12 97 70 38 27 50 17 93 15 77 86 92 80 72 2 52 66 29 68 1 67 25 96 64 39 48 74 34 37 44 0 56 99 7 90 21 41 16 98 60 75 40 31 79 42 11 88 55 87 89 19 4 9 85 94 81 76 54 49 28 59 20 51
TEST 101 ARG:95 14 16 55 99 70 9 2 34 42 28 39 46 18 25 73 17 47 76 48 1 82 5 32 27 75 92 98 93 45 96 86 91 0 24 66 15 49 84 78 97 38 87 60 40 81 29 57 59 6 37 64 7 23 4 10 52 90 58 77 41 21 50 54 53 36 35 68 63 31 79 80 56 12 71 3 30 19 69 94 44 11 61 74 26 43 72 85 67 13 65 83 8 22 20 33 88 62 89 51
TEST 105 ARG:11 0 2 98 39 9 23 57 67 60 44 34 13 52 62 5 58 42 61 66 81 7 43 8 72 50 35 25 46 69 89 36 86 45 27 37 49 24 56 21 74 78 91 76 38 1 4 29 75 30 12 20 10 77 26 70 71 73 96 63 59 93 64 88 92 40 79 32 47 68 17 16 82 90 87 19 14 41 33 84 85 28 65 95 53 48 31 99 15 3 18 6 22 51 54 55 97 94 80 83
TEST 107 ARG:78 34 80 84 66 29 50 91 73 26 51 22 56 61 2 21 17 11 7 14 43 0 97 57 38 60 31 18 79 68 25 9 85 98 65 94 83 96 70 10 58 88 42 63 64 67 16 93 81 28 92 44 87 54 20 76 47 45 71 40 75 46 32 27 49 15 72 99 55 13 30 37 95 62 4 36 19 89 6 5 41 39 12 48 77 52 90 82 23 33 69 8 3 1 86 74 35 59 53 24
TEST 108 ARG:45 17 98 13 81 12 71 38 66 68 47 86 5 33 3 15 46 20 37 39 36 18 21 85 73 58 49 93 57 6 55 35 63 84 96 16 74 52 0 30 59 19 54 79 29 80 10 22 2 94 14 48 42 11 7 75 4 99 77 83 87 65 23 97 28 50 78 70 31 1 95 61 25 9 67 40 51 92 89 32 43 8 88 56 41 60 82 90 62 69 76 26 53 91 44 34 64 27 72 24
TEST 109 ARG:60 0 9 4 45 15 71 8 25 12 83 5 2 48 76 42 86 56 68 38 55 73 28 21 11 3 61 88 58 95 89 98 36 34 27 91 29 77 84 24 51 49 97 78 17 41 31 46 74 82 81 35 72 39 6 90 13 85 22 16 94 65 10 52 14 99 1 33 37 59 43 92 69 30 66 32 23 26 53 44 7 79 93 67 75 96 64 70 40 47 57 18 19 50 63 62 80 87 20 54
TEST 111 ARG:3 97 49 36 30 9 25 14 41 96 33 34 23 52 71 38 40 70 94 53 50 37 74 81 8 7 76 98 32 68 83 35 19 58 79 65 48 42 66 92 24 10 17 73 63 44 84 46 88 31 77 56 85 21 11 80 95 1 47 87 22 59 54 6 4 64 20 93 57 28 2 12 69 51 86 99 89 39 61 60 72 90 45 16 29 78 5 15 43 0 82 26 27 13 91 62 67 55 18 75
TEST 112 ARG:32 78 26 84 76 82 21 86 39 55 42 81 98 10 61 79 40 72 69 75 14 58 62 25 6 11 92 95 41 71 38 68 29 36 85 30 50 56 2 16 97 34 15 20 22 53 49 57 44 31 52 64 74 45 89 28 60 80 87 23 94 0 17 37 65 48 12 66 35 63 59 96 9 27 8 13 88 54 1 46 3 73 43 24 7 90 51 4 70 91 99 93 77 19 33 67 5 47 83 18
TEST 116 ARG:48 76 49 88 42 21 24 5 9 91 14 80 0 73 69 96 75 29 20 98 30 32 58 18 7 15 3 60 86 45 82 41 36 93 46 50 97 54 85 12 72 78 84 62 17 94 39 47 99 19 28 83 71 70 1 89 43 25 95 27 66 33 61 81 57 79 51 4 26 16 53 2 87 44 31 92 13 38 68 67 6 74 65 34 11 35 10 37 64 40 90 77 59 23 55 8 56 22 63 52
TEST 118 ARG:78 52 85 7 26 15 16 69 76 88 21 0 64 82 28 36 60 59 10 42 53 70 92 86 77 55 80 61 74 18 41 68 56 1 22 40 93 3 31 47 38 2 34 8 99 94 48 11 73 29 97 71 17 96 44 62 81 33 90 84 9 50 49 27 43 79 87 5 23 37 67 39 57 95 19 83 91 46 51 98 14 89 65 4 58 25 6 35 72 20 63 45 75 66 32 30 13 24 54 12
TEST 119 ARG:39 5 92 32 29 97 68 28 82 26 6 27 86 98 61 65 50 36 93 21 15 49 14 1 70 69 80 79 99 94 57 83 45 67 63 76 84 34 2 91 16 4 60 72 19 23 42 71 78 10 20 18 11 90 13 47 3 81 30 74 40 96 25 66 89 41 44 48 85 54 51 53 62 35 95 7 73 12 31 43 52 17 0 58 75 24 87 88 22 55 37 46 38 77 9 8 64 59 56 33
TEST 122 ARG:19 57 94 32 45 77 47 86 80 10 24 99 96 15 34 21 97 17 85 8 1 61 81 22 89 38 76 66 4 40 54 48 18 78 7 60 20 72 84 35 58 42 6 39 44 62 70 59 64 13 14 75 30 25 33 28 27 68 41 83 3 88 91 56 49 2 31 95 43 0 36 67 65 16 73 93 74 71 5 55 23 51 63 90 53 50 87 46 37 92 69 9 98 82 26 11 79 29 52 12
TEST 123 ARG:47 21 39 46 18 63 22 38 98 9 26 32 95 57 7 37 64 65 81 14 66 54 69 53 48 33 50 73 43 41 10 74 49 25 4 34 45 17 15 44 42 29 88 79 77 12 62 3 2 20 80 84 60 56 92 89 97 82 76 13 55 85 71 90 5 23 86 0 91 51 8 70 93 24 11 87 35 1 58 27 28 96 30 61 72 31 19 67 59 52 16 78 36 68 99 6 83 40 94 75
TEST 125 ARG:95 30 49 35 62 37 42 24 60 99 56 1 43 11 26 45 9 97 69 57 40 23 38 79 84 85 86 67 29 10 98 51 81 92 6 59 32 14 58 31 4 80 5 7 72 53 52 88 46 18 8 17 41 63 20 90 54 71 70 96 78 74 44 82 15 48 28 50 76 47 89 33 64 83 27 13 91 2 55 0 39 87 34 3 93 94 22 73 75 36 68 21 65 77 61 19 16 66 25 12
TEST 127 ARG:38 86 98 28 39 52 44 20 68 66 84 27 19 77 60 94 10 65 61 17 25 67 0 14 45 81 21 53 46 30 41 95 3 48 1 37 23 90 99 55 13 83 31 82 91 7 56 15 92 75 16 54 18 70 43 57 47 12 4 74 40 22 35 73 50 79 29 69 64 87 2 33 6 72 93 36 49 8 9 51 58 62 85 32 26 88 63 96 24 89 5 11 97 71 59 76 42 34 80 78
TEST 128 ARG:23 63 61 84 17 90 65 44 79 21 54 40 41 93 38 31 72 80 74 89 28 78 0 12 94 34 46 91 16 50 25 19 30 42 13 6 1 32 52 59 66 98 33 8 37 4 85 29 45 68 26 43 14 15 3 56 92 62 64 27 20 75 39 57 49 73 70 51 88 55 36 24 82 10 35 97 95 47 77 96 60 48 86 99 76 83 7 81 9 87 58 2 18 67 22 11 69 53 71 5
TEST 129 ARG:49 94 59 95 3 9 11 96 37 43 88 23 7 27 0 19 90 71 2 70 36 8 33 47 81 31 78 50 25 40 65 6 54 15 48 12 68 38 45 86 53 39 13 84 34 30 18 52 21 56 4 32 1 64 5 69 93 85 89 41 55 76 77 72 60 62 22 92 17 57 44 99 58 20 63 87 79 35 51 91 61 75 83 14 24 10 66 16 80 73 97 82 98 28 67 46 29 74 26 42
TEST 131 ARG:55 80 90 62 25 7 70 46 64 11 74 33 72 52 29 73 86 40 16 95 84 60 85 5 99 57 49 6 91 97 23 59 36 93 8 53 45 17 56 3 61 87 26 12 96 94 88 9 20 18 0 19 39 37 13 58 68 41 1 50 31 75 66 65 83 82 38 42 98 14 71 21 89 27 78 28 48 77 81 63 67 51 15 34 35 2 69 54 76 44 10 79 92 24 30 4 47 43 22 32
TEST 134 ARG:26 95 29 1 37 65 85 5 20 19 71 54 76 98 77 42 86 67 39 17 69 6 18 79 73 63 40 60 91 70 55 97 48 99 87 2 21 80 51 84 15 53 24 88 43 94 14 52 16 11 41 89 27 66 96 4 83 81 50 68 38 62 30 35 0 13 7 74 10 8 92 58 44 57 78 22 36 46 61 72 47 33 3 93 32 82 12 64 28 45 90 56 9 25 23 59 75 34 49 31
TEST 135 ARG:55 14 45 53 59 47 82 96 33 19 95 30 8 27 5 94 41 98 61 37 48 16 28 87 74 69 84 89 54 92 6 23 90 51 50 42 17 40 71 3 29 79 20 39 57 97 13 9 73 91 88 76 83 93 1 99 63 10 25 44 22 24 7 12 58 66 86 31 75 21 65 26 38 72 32 85 52 60 67 36 81 70 77 11 80 4 78 49 62 18 43 35 56 68 2 64 46 15 0 34
TEST 136 ARG:80 95 22 3 68 92 94 90 25 19 8 47 29 64 75 16 52 57 38 33 69 63 17 51 37 41 30 56 87 6 98 14 84 73 36 18 31 10 72 86 53 15 12 26 7 20 91 21 62 79 54 0 1 13 9 44 61 43 70 89 28 45 5 58 49 97 85 78 96 65 50 93 2 48 83 81 74 82 55 59 23 77 35 40 11 27 39 24 60 76 34 42 99 66 67 4 88 32 71 46
TEST 140 ARG:3 5 56 29 97 50 41 99 17 87 69 85 60 51 82 84 33 43 62 92 22 8 46 39 72 83 45 75 26 32 88 16 96 65 14 67 98 93 47 28 63 34 76 21 10 38 59 49 95 77 89 71 19 23 24 78 37 80 58 86 27 31 4 35 55 91 52 53 0 94 42 13 15 73 54 6 12 90 18 11 66 7 40 25 20 44 70 1 9 68 57 48 61 2 64 79 30 81 74 36
TEST 141 ARG:35 25 43 57 56 79 70 32 44 40 64 30 18 96 77 46 13 92 72 8 33 99 53 50 45 20 58 4 74 84 5 48 1 73 16 14 52 21 91 17 98 90 42 63 65 39 60 83 0 86 68 38 31 82 80 23 89 19 81 95 78 37 22 15 59 54 93 34 88 6 47 36 51 12 29 87 67 94 85 9 75 62 41 7 76 97 71 27 2 61 3 28 69 24 10 66 55 49 11 26
TEST 142 ARG:11 95 9 62 5 55 85 41 59 10 32 21 87 29 58 38 82 54 77 34 7 80 14 83 72 91 94 45 4 25 97 68 22 88 1 89 63 27 8 93 31 28 47 44 13 24 51 92 64 99 15 61 74 35 42 67 76 75 2 30 46 84 17 73 36 52 66 50 33 49 78 60 37 79 65 71 19 70 6 43 18 53 12 57 16 90 48 40 69 56 96 98 23 81 0 86 20 26 3 39
TEST 143 ARG:78 85 17 79 97 36 84 25 11 91 57 6 58 23 61 22 99 92 51 55 87 32 98 48 95 65 77 2 35 1 56 74 14 40 27 38 15 82 89 70 49 88 29 94 24 50 54 4 41 72 67 45 0 42 12 47 59 80 46 8 16 30 73 7 53 66 10 44 18 52 5 75 71 62 93 83 81 90 33 34 43 37 86 20 26 76 64 9 21 39 28 68 96 63 19 60 31 3 69 13
TEST 145 ARG:41 2 63 38 98 21 8 31 92 24 82 78 15 12 93 7 20 45 58 22 35 90 32 77 80 28 46 44 13 67 64 26 94 60 54 91 96 70 39 99 57 52 86 85 11 59 61 72 69 48 53 33 1 74 65 19 37 66 88 68 50 73 83 75 9 0 36 17 95 56 51 40 71 30 43 4 97 79 6 27 3 47 25 55 76 18 34 23 10 87 5 84 89 14 42 49 81 62 29 16
TEST 146 ARG:96 61 75 79 88 47 42 83 60 74 54 38 95 7 4 9 99 18 6 3 26 56 69 27 1 84 87 19 25 11 85 91 55 29 94 70 81 10 12 97 62 90 63 65 48 51 53 0 71 46 68 23 64 33 57 89 92 20 35 41 98 40 30 76 82 8 34 59 37 15 17 80 66 5 86 2 16 43 58 49 78 13 67 22 31 44 14 21 32 39 52 28 77 93 73 45 24 72 36 50
TEST 150 ARG:82 88 81 52 87 20 58 47 42 44 84 30 51 70 11 40 55 83 36 75 33 17 98 77 72 4 62 61 99 6 91 53 80 65 71 24 19 86 8 12 2 34 94 57 95 48 49 45 27 9 32 35 43 26 73 18 60 90 50 21 93 7 13 79 25 22 74 5 1 89 3 41 16 15 29 92 54 14 63 23 69 37 46 56 66 38 78 96 97 31 76 28 59 67 10 68 85 0 64 39
TEST 155 ARG:21 76 80 15 6 57 98 19 24 41 31 67 5 93 53 95 25 61 23 32 89 13 52 47 79 26 81 48 55 97 83 4 75 73 17 40 54 66 28 74 43 82 12 85 63 37 11 34 69 99 84 30 68 1 59 38 88 96 45 44 36 64 77 70 7 51 50 22 2 9 33 29 10 87 94 58 8 65 42 35 90 16 78 56 14 46 71 72 91 60 20 39 27 0 18 92 86 62 49 3
TEST 156 ARG:53 17 96 11 32 57 38 90 86 94 29 26 79 71 62 68 67 4 33 92 89 10 93 70 15 0 13 2 50 7 60 77 82 24 9 16 36 52 49 97 87 45 74 54 84 99 41 59 88 63 3 22 73 58 83 14 23 42 78 37 81 12 35 46 76 85 5 64 40 72 6 91 34 98 43 19 51 28 44 21 75 30 55 65 69 8 47 31 95 80 56 20 18 27 48 39 25 66 1 61
TEST 158 ARG:64 50 11 89 65 48 26 82 3 42 85 80 63 69 43 9 90 84 49 33 88 72 22 74 93 17 83 5 14 68 21 54 92 61 71 96 6 94 23 8 87 70 36 51 77 13 75 97 57 15 40 59 34 62 78 99 20 12 53 98 25 52 27 18 55 44 66 28 47 79 73 56 19 38 32 16 29 60 31 76 2 81 45 30 10 7 86 67 95 41 58 35 46 39 4 24 91 1 0 37
TEST 159 ARG:46 55 99 98 25 47 12 14 53 15 91 66 39 0 94 49 89 72 81 95 85 50 35 9 61 27 62 93 26 3 16 80 44 56 82 36 86 75 28 68 83 37 11 65 71 88 32 96 17 38 92 78 90 52 7 73 74 60 51 21 5 67 13 40 2 42 1 18 34 30 6 59 4 58 64 22 33 57 45 76 10 23 24 43 29 77 54 70 69 87 19 79 31 20 48 97 8 63 41 84
TEST 160 ARG:76 61 25 66 32 65 14 37 35 51 46 39 93 57 36 70 30 94 47 82 20 96 59 90 99 54 1 44 7 24 74 8 89 78 0 18 68 16 26 55 85 6 23 72 91 29 53 97 67 31 27 33 95 92 80 69 2 4 45 83 73 13 60 15 88 79 41 9 19 22 28 64 71 81 34 58 77 87 11 50 10 43 56 21 86 98 75 5 12 84 52 38 63 62 42 49 3 17 48 40
TEST 161 ARG:10 39 0 14 23 28 13 45 61 95 32 46 81 67 50 59 73 85 19 1 87 99 76 17 40 16 44 91 93 3 21 5 24 7 30 35 64 41 88 82 74 38 66 15 78 4 37 58 49 2 63 94 90 6 31 22 80 11 57 97 54 52 9 26 55 42 56 47 71 43 60 77 25 75 34 92 83 70 20 98 79 72 18 89 53 8 29 84 86 62 68 36 48 12 69 27 51 96 65 33
TEST 162 ARG:95 61 91 48 13 27 64 78 98 70 66 8 77 37 14 88 68 36 57 58 47 90 16 67 41 25 43 10 40 99 93 29 22 60 63 74 31 24 19 32 45 53 23 26 15 44 85 84 75 4 62 28 87 97 72 83 79 56 59 54 0 94 7 81 21 86 73 18 71 39 20 80 34 69 92 12 46 1 49 82 96 38 55 11 6 65 50 42 89 30 35 17 5 3 9 51 33 2 76 52
TEST 164 ARG:31 95 80 21 51 25 76 62 49 82 73 38 36 3 52 22 39 54 30 55 60 83 53 20 89 11 81 50 87 63 96 9 59 43 29 14 45 13 23 91 24 72 34 5 84 78 69 99 88 68 77 70 26 19 85 98 71 1 37 66 41 58 18 12 67 0 97 75 2 28 48 90 17 86 44 61 7 8 74 27 47 94 4 33 92 79 15 10 57 56 42 64 6 93 40 35 65 46 16 32
TEST 165 ARG:45 90 25 54 26 84 22 62 70 4 3 63 74 47 16 35 73 60 82 57 12 96 71 99 98 49 88 27 19 85 65 43 32 78 91 37 29 69 23 87 86 48 89 14 21 46 30 41 55 81 9 72 1 36 76 83 67 93 31 2 97 44 6 10 79 24 92 8 38 64 11 77 52 53 13 68 20 17 94 34 58 61 59 39 75 5 0 15 51 28 56 66 18 80 7 33 42 40 50 95
TEST 166 ARG:66 48 28 11 29 83 99 93 26 74 59 36 4 47 17 98 15 7 58 91 81 49 88 65 12 89 52 76 35 32 69 63 87 55 5 22 77 34 64 38 57 82 39 79 44 14 6 68 84 54 96 75 25 21 46 53 56 19 62 60 51 92 67 72 42 30 23 18 71 70 37 31 95 3 10 1 90 16 50 86 8 80 20 78 73 61 13 43 27 24 9 0 94 40 45 2 85 33 41 97
TEST 167 ARG:93 41 31 80 76 40 87 17 57 34 12 79 2 70 51 75 9 33 36 46 19 82 67 20 11 68 84 5 13 94 4 62 50 23 61 66 99 32 30 21 49 81 8 58 26 63 56 22 72 45 38 27 18 71 95 77 1 24 48 97 6 78 25 10 91 60 96 54 3 69 15 29 73 43 42 0 83 16 64 44 86 55 7 92 90 59 47 35 85 98 52 37 28 39 14 89 74 65 88 53
TEST 170 ARG:4 99 31 95 44 71 51 30 98 86 68 32 19 97 60 50 63 7 59 79 38 2 91 53 37 39 69 72 62 8 70 96 3 48 27 5 55 81 1 20 41 92 94 93 45 43 12 90 89 36 26 74 80 25 35 24 73 84 21 40 14 56 47 78 22 82 23 10 75 6 77 61 87 28 29 34 57 0 49 54 88 42 15 18 9 65 17 13 76 11 66 16 52 46 67 83 64 33 85 58
TEST 171 ARG:28 64 17 65 47 52 96 33 73 60 92 30 66 26 98 38 97 86 69 12 56 18 63 71 4 91 20 6 0 79 72 25 70 88 74 43 8 2 89 22 27 99 82 46 42 39 95 94 83 59 9 55 61 93 67 32 1 3 50 11 14 16 87 31 37 85 58 15 36 57 23 10 19 24 84 45 68 80 5 76 7 77 13 49 29 54 21 90 35 75 40 53 78 41 81 62 34 48 44 51
TEST 172 ARG:23 70 83 20 24 17 26 36 45 46 91 44 67 72 73 42 22 62 85 52 38 0 12 11 1 86 27 78 33 64 61 39 81 13 9 8 88 28 6 31 34 19 15 4 47 94 14 35 65 57 68 37 16 79 76 80 75 2 87 82 30 29 48 40 95 50 84 56 55 92 66 77 5 3 49 43 89 97 25 98 63 41 90 93 60 58 71 96 99 18 69 7 51 21 32 59 10 74 54 53
TEST 175 ARG:20 1 72 26 91 2 86 32 65 35 33 84 92 95 38 17 79 89 15 44 63 14 58 42 52 55 23 60 37 77 40 54 59 61 27 47 97 64 76 25 46 5 49 4 67 24 90 88 22 87 57 28 98 73 96 0 70 36 31 69 56 18 78 8 3 68 29 99 43 16 12 7 94 48 19 13 66 80 21 11 50 45 30 10 39 62 85 53 34 81 71 6 51 9 93 74 83 82 41 75
TEST 177 ARG:71 93 65 35 28 18 87 53 29 76 69 14 39 91 60 96 9 32 6 19 37 22 75 25 46 79 4 0 8 23 45 12 11 5 78 47 85 95 98 7 90 34 13 50 40 52 56 77 2 70 97 24 66 62 30 63 16 94 38 41 67 88 99 36 27 89 43 48 15 20 44 86 49 55 81 73 3 58 84 92 1 33 51 54 26 74 68 64 83 72 80 61 42 57 82 59 10 17 21 31
TEST 178 ARG:39 88 92 27 55 80 59 72 0 60 51 23 15 70 64 29 83 91 74 56 62 30 12 20 67 77 61 16 3 93 40 81 9 68 21 7 50 85 53 47 36 10 89 6 33 99 42 82 8 94 41 37 11 14 78 34 18 26 49 76 38 73 1 79 90 75 54 95 66 65 28 52 48 98 2 5 4 96 17 22 86 44 87 46 57 97 31 43 69 71 32 24 45 58 13 63 84 35 25 19
TEST 181 ARG:22 62 81 51 6 43 15 38 26 42 58 28 82 63 85 11 32 72 61 19 4 44 79 23 74 59 87 41 3 34 47 30 40 90 92 60 53 83 18 84 48 68 39 25 10 65 67 94 45 73 69 88 13 64 80 29 37 0 33 97 8 55 5 96 49 71 14 27 35 17 1 57 75 46 7 77 21 98 91 95 78 99 12 9 36 24 16 70 89 86 50 2 76 93 66 54 31 20 56 52
TEST 182 ARG:64 95 57 45 42 51 52 12 90 62 13 9 59 73 76 83 55 97 40 27 63 54 21 24 67 32 66 92 4 1 44 41 19 11 74 80 26 34 48 29 71 84 50 15 88 30 94 2 28 7 39 96 18 33 22 3 14 8 36 70 99 78 93 68 87 56 86 53 37 16 60 5 17 91 23 38 72 98 47 61 89 65 35 85 49 20 0 58 81 79 31 46 43 6 75 25 69 82 10 77
TEST 183 ARG:29 3 53 79 47 32 20 72 7 43 87 66 69 0 84 82 2 5 27 34 86 57 99 8 42 21 90 18 10 35 60 16 12 74 24 46 54 75 36 71 65 97 48 96 81 17 63 51 44 88 4 83 67 33 55 61 6 50 41 45 28 23 64 58 38 26 30 92 62 22 73 93 37 15 56 76 91 68 59 25 39 95 14 77 9 1 13 98 70 85 52 19 11 94 31 49 78 89 40 80
TEST 185 ARG:64 9 87 1 18 61 98 94 50 45 3 81 42 4 38 49 30 13 72 44 8 15 95 83 5 56 16 63 19 76 32 96 99 24 37 22 75 73 60 90 57 51 28 82 68 88 53 43 6 25 40 77 91 55 46 26 70 2 93 54 10 14 52 84 59 62 80 17 31 47 39 34 85 11 58 12 69 86 48 66 71 35 65 79 36 0 89 7 27 23 41 20 21 74 33 29 92 67 97 78
TEST 186 ARG:20 70 9 34 35 11 63 56 80 5 74 94 68 19 98 30 45 40 3 22 41 38 27 13 8 47 61 26 91 62 52 0 49 77 69 85 42 86 46 33 21 96 55 14 93 4 82 43 75 67 12 78 36 92 72 29 31 1 48 28 83 97 60 44 71 84 59 7 51 24 88 76 25 18 79 87 6 17 58 50 16 10 37 57 54 66 90 32 39 95 99 73 81 89 65 2 64 53 23 15
TEST 189 ARG:72 52 79 28 13 37 25 14 39 56 66 54 9 3 44 42 94 65 11 5 19 82 7 34 90 16 12 29 69 57 31 51 89 62 32 15 84 93 22 50 8 99 24 48 45 86 6 40 77 76 97 18 20 61 55 63 27 10 81 1 0 64 35 38 47 41 78 21 83 87 80 71 49 68 67 70 85 58 53 75 73 96 46 91 26 33 92 43 23 88 36 59 17 95 2 74 60 30 98 4
TEST 194 ARG:69 33 68 80 23 74 39 88 93 37 98 42 0 27 83 51 7 63 56 2 43 26 4 76 90 28 48 16 45 81 34 67 64 40 95 78 55 99 92 61 62 71 52 12 82 44 70 86 85 9 38 49 53 20 73 97 89 11 72 66 35 65 59 18 25 91 57 50 19 96 60 47 14 29 36 58 15 75 5 41 46 84 79 30 94 32 21 3 54 1 77 13 8 17 22 6 10 87 24 31
TEST 196 ARG:15 20 70 58 66 71 35 53 44 2 81 30 22 60 17 55 83 29 24 99 11 25 84 28 36 47 80 18 21 56 23 26 63 43 50 90 87 85 8 0 68 74 91 1 7 76 32 78 69 4 10 19 65 67 14 45 62 33 49 77 51 72 89 39 94 61 12 97 54 13 59 92 73 96 93 37 34 42 27 82 48 64 46 75 79 52 57 86 31 88 6 38 16 3 98 41 5 40 95 9
TEST 197 ARG:37 8 85 74 14 39 62 88 75 84 38 98 24 78 47 95 28 59 4 15 83 46 64 42 11 54 71 48 93 69 86 57 60 30 91 80 68 67 34 33 89 94 63 76 82 2 13 58 32 0 31 65 3 17 87 41 43 49 77 10 55 5 1 90 20 45 35 29 27 99 79 18 9 73 81 56 22 26 53 23 16 97 40 66 70 6 36 44 52 25 19 21 72 50 12 96 51 92 61 7
TEST 198 ARG:34 54 23 22 32 62 61 88 91 56 78 86 92 65 74 98 31 16 15 1 69 33 93 63 35 26 48 0 73 84 12 79 46 18 76 37 4 8 97 17 53 66 20 72 87 71 10 49 7 80 57 14 90 81 2 39 83 58 60 59 29 27 30 96 55 43 75 41 68 13 82 77 19 11 94 25 99 64 6 40 24 5 44 51 95 38 67 52 36 3 21 89 70 85 45 42 47 50 28 9
TEST 201 ARG:84 42 35 52 78 77 76 57 88 15 0 91 69 50 46 20 4 45 92 40 86 47 11 72 49 9 83 95 53 93 60 36 41 13 8 51 62 98 31 90 55 70 2 14 81 10 26 54 6 37 19 61 24 59 68 23 48 87 7 99 34 12 67 75 22 44 79 58 82 80 56 94 27 65 85 29 89 74 63 66 25 33 5 30 18 39 64 43 1 32 3 97 21 16 38 96 73 17 71 28
Multiple size <= 500
TEST 1 ARG:-212 -13 -186 100 -18 26 -12 186 183 45 175 11 137 187 -211 -39 -2 216 131 218 -16 -123 1 -129 -240 -215 -246 -5 190 -150 102 -185 213 80 -177 199 -8 122 123 104 -236 54 235 -250 169 -139 -110 237 224 -244 -19 15 57 -26 89 4 -23 -194 12 212 70 182 247 -159 -111 -84 -131 16 -180 248 -203 60 -142 -179 192 129 126 159 111 42 -116 10 -28 185 228 -17 245 -46 -43 117 90 171 -158 -155 -222 25 -201 -233 116 173 -6 -70 -199 -154 -210 -83 -167 -41 -69 -127 18 -76 7 133 170 -170 -120 215 -238 41 112 188 -178 178 -100 75 46 -66 -249 66 -104 -75 -227 43 -72 194 -181 144 58 202 -187 -248 -21 -135 -50 249 -64 180 172 120 205 164 -125 32 24 33 37 -3 197 -200 -224 239 -65 27 68 -149 84 219 20 -31 30 242 49 -163 207 -223 -24 -184 19 -206 -30 -68 167 -87 99 72 -241 221 39 240 -61 69 -174 -85 198 -60 -27 -157 196 36 52 177 -33 -160 -58 165 -126 -176 38 233 -147 98 -107 103 229 -243 243 47 227 -91 147 82 -182 -112 -237 59 -80 -14 238 34 51 -165 110 -59 -45 124 -92 29 -235 -196 -141 201 -225 -71 -119 148 155 184 -219 -245 -96 0 125 -81 -102 -169 -239 135 -77 -40 -197 -90 -173 78 -109 -193 -42 244 -132 204 -133 -137 79 150 28 -156 220 71 -44 -49 114 206 119 67 222 -162 -144 -95 -37 88 217 106 91 230 -242 -229 132 -209 138 -52 76 195 -226 -106 -56 225 208 56 -67 31 -121 -94 -202 -11 -25 -97 -136 -47 -208 -130 73 -217 156 -124 -190 -57 209 -175 -88 163 -73 -234 -171 -195 -247 214 143 -15 23 152 210 5 22 -4 -228 -232 -140 107 -54 149 130 -35 160 115 -22 -152 -113 -221 -146 -164 -82 -117 -1 64 -188 -86 181 96 -36 -51 -38 13 -204 -183 -9 -134 136 109 151 -166 55 3 153 146 -214 81 -143 -231 232 234 142 -128 -7 191 241 128 179 -189 -207 154 118 97 231 139 63 -172 -10 -105 92 145 35 -93 134 113 -138 -213 44 176 8 226 -108 -103 -101 -148 -48 17 200 -55 -74 6 168 162 -192 174 -198 -62 -115 203 -114 93 94 -216 50 -79 87 -99 74 86 223 -230 236 83 9 61 105 140 121 65 -218 211 14 193 -220 157 85 77 53 161 21 -168 -89 127 48 95 -20 108 -151 -78 166 -153 158 -32 101 141 -118 -98 -34 -161 -205 189 -63 -53 246 40 -145 62 2 -29 -122 -191
TEST 2 ARG:-203 -112 -110 226 -189 27 -141 -114 33 -108 -229 -65 -207 -102 -97 -192 140 -217 14 -240 109 -72 -157 54 94 -186 -2 -38 122 -96 40 -220 183 156 161 112 105 220 -48 20 196 -18 -191 -30 113 -178 50 24 -63 -131 164 -136 107 -147 -95 48 126 202 165 -163 62 51 -31 204 -61 144 -223 8 -153 234 225 -164 -249 83 212 87 21 -196 -23 -241 238 -29 211 -168 -172 150 -67 -92 131 59 -238 49 239 -242 120 -158 22 246 169 -82 74 224 -49 218 -47 247 60 -106 146 10 -159 -226 139 79 152 45 17 171 -122 243 203 -80 173 42 -205 -71 9 -66 237 37 -60 104 -206 208 101 -53 -91 -161 -26 -25 241 -150 11 66 -4 153 61 18 198 96 -7 1 117 133 91 -185 44 242 3 -37 64 88 26 233 -32 181 -74 110 -123 190 -154 -243 -146 32 145 98 -104 -145 -211 -236 -209 223 65 -6 129 -231 -81 55 189 99 -87 205 108 -12 -126 -135 124 -143 -134 151 149 -200 -239 162 228 136 -169 -173 -162 25 -85 -232 -93 7 31 178 193 0 -225 -204 -105 134 -55 -115 95 -190 34 -144 46 100 -39 206 -132 194 -117 85 -167 -166 -59 93 -221 -100 36 200 -137 70 4 -180 -142 -51 -222 201 -98 -77 -197 69 209 56 -89 230 147 -35 180 -174 -246 127 75 -36 186 58 148 -127 -50 229 -245 13 -15 78 248 176 138 121 159 -10 -79 97 71 197 -214 -94 192 -248 -128 52 168 72 -101 172 -103 -140 -86 -99 235 142 -181 -183 213 119 28 -11 -19 157 -21 175 -176 -188 -193 -78 -224 -40 219 185 -195 -43 35 -28 -187 -194 135 163 -13 232 -76 -138 -64 -5 167 -118 -22 -20 -198 -219 -90 -199 222 86 -133 68 -24 53 -170 -16 -84 -151 188 -52 -45 -165 -202 -230 -46 143 191 217 5 -73 -182 -235 182 -216 43 92 -177 215 -184 -212 63 73 -155 141 -213 -130 15 118 115 76 67 -139 -175 -42 -56 -234 30 6 82 2 16 -210 -27 -152 -148 111 214 -208 19 177 -247 -33 90 12 125 -179 77 128 -70 39 -68 236 -75 102 179 244 132 57 80 249 -201 -8 -3 -160 174 -111 155 -107 -14 -233 -124 -215 170 184 160 -88 221 103 -171 -58 -149 -44 47 245 187 -54 -116 -113 -227 -69 -120 -62 166 41 -244 -57 137 -129 231 114 -17 23 207 -41 210 -250 -9 -156 -119 38 116 106 -228 29 81 123 -109 195 -125 -83 227 89 -1 199 84 240 154 -34 -237 216 130 158 -121 -218
TEST 3 ARG:-68 -169 71 -182 -134 -40 125 -93 84 -111 11 12 -98 -96 -141 209 3 9 135 145 206 180 4 -19 -12 40 -45 158 -31 195 -218 -244 58 -82 -246 31 -180 30 116 69 102 66 227 -108 129 -79 18 228 -248 -66 -129 -22 7 175 -99 138 10 61 -204 -197 237 80 -164 33 -240 -130 226 92 -202 218 -109 37 236 0 98 219 105 183 114 -206 224 -95 -112 147 -103 -1 -81 -152 -209 160 200 -67 -216 112 95 229 242 5 139 -33 100 -148 108 13 230 148 -194 199 57 53 -76 48 -115 77 -117 115 -69 -242 -230 -225 -232 141 -125 208 47 25 157 -100 85 -50 -173 150 104 94 -6 -200 -212 76 -132 -128 113 -114 117 249 21 62 73 -61 243 -92 -177 -36 -77 233 -222 -43 -145 -38 64 -14 -127 75 -153 -179 176 220 87 -15 187 -236 201 -223 -175 154 -83 -7 239 -198 131 -183 -29 -124 -245 216 123 -163 -187 -137 167 153 -229 81 55 -23 181 -195 -178 17 74 166 225 -30 -120 26 49 168 -231 -193 -5 -144 -174 97 -241 32 24 28 -9 -192 247 -214 15 140 207 -62 124 -58 244 34 -249 215 212 231 -166 68 128 83 -20 151 137 -135 1 194 -155 82 -151 -203 -49 171 27 136 -34 -243 -224 -2 96 -97 184 -73 -102 -139 130 2 -64 -219 -87 197 -191 174 -131 90 59 -142 -17 -188 222 -181 -189 111 -10 -26 -172 -154 248 50 -88 161 169 -165 -21 -59 -121 -217 8 -147 211 245 103 -221 -91 -119 189 45 -110 39 38 -138 193 -171 -116 -41 88 23 36 -18 164 -106 -54 -211 177 221 -238 -53 -89 172 191 127 -60 -27 134 203 -4 106 -78 -150 63 204 198 -80 -196 6 -90 -44 241 -149 144 79 52 142 -146 -65 -104 -237 149 -157 -228 179 178 205 120 -143 162 235 51 238 -186 101 93 -37 214 -86 -101 -3 -233 -184 -24 -227 -70 210 46 -162 -72 109 -57 -126 -205 -94 -160 110 67 -220 -247 -11 72 42 185 122 -185 -52 -207 -122 188 -71 -235 -25 22 121 -156 -105 -158 240 -84 -32 186 65 -63 -136 -47 159 35 -199 182 -48 -161 -16 -201 -42 163 192 133 -208 29 70 20 -13 223 217 213 155 -55 -210 -74 146 -113 232 126 -234 118 16 43 196 -39 91 41 -176 -215 -123 -170 -8 44 -213 -118 152 -85 -168 170 56 -46 19 165 143 -51 156 132 -250 -226 202 14 -28 -190 54 -239 107 190 -159 -107 -167 -75 60 99 89 246 86 -140 234 -133 78 173 119 -35 -56
TEST 4 ARG:-239 140 38 -150 -88 79 -44 20 -60 -151 -79 160 157 98 -179 -235 29 5 -66 -12 -114 154 -36 81 -237 33 -120 -69 117 60 -215 -126 177 54 -161 -75 151 21 181 -172 -34 15 -221 10 -83 162 170 152 226 -50 164 -4 -220 50 65 -32 74 44 -109 83 -37 63 -233 -245 128 -106 43 -105 56 -136 230 147 213 -58 243 238 57 -219 -201 62 172 -68 231 236 173 -111 -53 -30 -15 -29 -87 70 -247 -67 175 186 -189 34 -133 -242 235 168 112 -141 -112 183 -190 84 52 153 136 109 182 58 116 82 224 96 119 86 9 -113 97 -218 126 -155 222 118 12 -154 -128 -228 -104 53 174 -86 203 -146 210 -192 248 106 234 -134 23 -165 161 171 -101 -90 -93 180 -10 -40 -27 -198 92 -145 -152 0 -116 -42 -92 -187 -123 188 103 94 40 209 25 104 -31 -191 228 -222 -217 139 239 -206 -203 -143 -170 8 -124 1 240 22 -238 199 -246 -193 -211 88 156 -78 176 18 -48 115 -62 76 -186 -81 -173 207 -64 127 219 26 -166 202 90 -180 165 111 -61 102 227 28 218 100 198 32 51 -158 105 -73 249 -71 -183 -43 61 91 107 -185 -8 -25 24 178 -52 89 -184 49 4 184 -110 150 195 -188 189 -223 16 -9 73 -46 113 -147 19 -209 -19 -95 64 -28 197 45 -243 -195 67 95 -234 216 -41 59 -55 -59 -159 134 169 -131 -174 -65 -244 194 -6 -127 -125 -107 -232 -121 237 232 -241 -18 -205 -138 -240 -23 -1 87 163 -227 137 -80 -47 212 205 206 217 -39 7 166 120 2 14 193 190 -144 -230 145 121 27 200 -181 72 -72 35 110 -98 -76 -194 3 -45 80 -216 -122 187 -130 -137 31 37 -202 130 191 -213 42 -20 -96 159 -85 122 -160 -13 -167 -57 55 -115 69 71 -163 -102 -82 247 149 131 -169 233 214 -229 -225 -99 -182 196 -26 13 68 201 -224 30 -164 -156 -94 -38 -132 75 -177 -5 -56 185 132 -210 -14 41 204 -175 -207 -3 229 -77 148 -117 -196 -51 -74 -176 192 39 6 144 -171 -214 85 123 -157 246 -139 158 -118 99 66 179 93 141 -249 47 78 142 -142 135 -248 36 48 221 -148 -17 -208 -162 -140 125 -204 223 129 -103 -16 245 -212 -236 167 146 124 -200 -153 -226 -49 -97 -2 -250 -24 77 -84 -33 -119 -11 -70 211 -54 -129 242 108 46 -168 -199 11 -149 -197 -89 215 208 -178 -231 138 -22 -108 -63 17 -35 225 220 -135 244 114 133 -100 155 -7 -21 241 -91 101 143
TEST 5 ARG:50 131 108 -199 92 230 -87 227 97 24 182 212 -65 130 142 -217 111 -33 -53 66 -212 -119 -129 197 -77 -3 -211 -195 99 -90 -137 -141 32 -63 145 -239 -118 -39 179 -230 35 -123 242 223 217 168 128 119 -219 122 -48 -174 234 -100 124 91 -247 -73 222 -55 -16 -76 -71 -166 68 -167 41 -105 -235 30 -45 151 -188 177 141 -29 -95 -158 -155 -181 -182 -170 62 20 136 161 -179 -154 102 110 -156 -2 39 59 184 -80 -52 -222 2 54 -160 140 95 150 -27 -78 -37 245 -101 -69 166 -44 34 7 -185 -238 -237 -54 249 127 -183 77 -159 -22 -135 -173 -172 -12 -227 -213 -229 193 248 180 -210 12 228 -223 -131 106 167 52 -145 -32 -177 -5 -120 -240 100 137 -206 -115 114 235 -207 -30 238 185 211 84 162 104 126 -110 -134 -85 -205 -130 36 -186 -108 174 -241 -176 121 83 -187 18 -194 -84 -81 10 -163 75 218 90 236 -149 201 172 -89 -228 -221 112 190 134 199 26 125 -193 -151 96 45 207 -126 -214 -19 209 40 -104 -67 89 -46 -161 -47 -248 -62 76 -208 -184 27 4 163 5 48 -94 202 55 153 -34 -15 57 -224 175 -49 221 219 63 105 203 -152 -28 -14 87 247 -43 -144 -91 -243 194 109 226 139 -231 -191 191 -111 -203 -133 117 132 -60 58 -189 158 -234 225 -98 -242 120 149 -168 29 165 205 1 0 -79 78 14 246 74 -204 -107 -200 -136 213 -50 -64 -109 -106 -9 -146 210 -40 -233 -41 241 17 -57 69 -153 159 192 85 93 -36 178 -220 -236 -51 38 -190 65 107 -128 115 -66 42 -96 101 8 138 118 -25 -175 198 -31 -197 -164 -59 -180 -215 -99 -92 -38 148 -178 173 -6 189 229 208 157 -201 -150 53 6 188 -132 31 72 88 13 123 164 43 -148 152 -116 47 15 -124 -117 103 80 -42 -8 33 133 169 187 144 -226 -23 -4 156 -202 -113 70 -162 -93 -24 56 -198 244 214 176 79 49 233 204 183 81 -112 171 -86 181 -245 -250 143 -192 -35 -56 243 186 -196 46 94 37 -83 -114 -1 -244 60 195 86 216 71 -88 -26 -125 23 196 -20 -82 113 82 170 -72 -142 -225 19 -143 51 28 -147 -218 239 220 -139 116 -74 -61 -70 -10 -169 61 -165 73 -138 -21 -97 44 21 64 240 135 -171 -127 25 200 -18 -121 9 98 -68 231 160 -232 224 206 -122 3 146 -103 -216 67 215 16 11 -7 -13 -58 -209 -140 232 22 155 -102 -246 -17 237 147 -157 154 -75 -11 129 -249
